name: antcal
channels:
  - conda-forge
  - defaults
dependencies:
  - anyio=3.6.1=pyhd8ed1ab_1
  - async_generator=1.10=py_0
  - attrs=22.1.0=pyh71513ae_1
  - black=22.10.0=py311h1ea47a8_2
  - build=0.7.0=pyhd8ed1ab_0
  - bzip2=1.0.8=h8ffe710_4
  - ca-certificates=2022.12.7=h5b45459_0
  - cffi=1.15.1=py311h7d9ee11_2
  - click=8.1.3=win_pyhd8ed1ab_2
  - colorama=0.4.6=pyhd8ed1ab_0
  - commonmark=0.9.1=py_0
  - dataclasses=0.8=pyhc8e2a94_3
  - fastapi=0.88.0=pyhd8ed1ab_0
  - future=0.18.2=pyhd8ed1ab_6
  - h11=0.14.0=pyhd8ed1ab_0
  - h2=4.1.0=pyhd8ed1ab_0
  - hpack=4.0.0=pyh9f0ad1d_0
  - hypercorn=0.14.3=py311h1ea47a8_1
  - hyperframe=6.0.1=pyhd8ed1ab_0
  - idna=3.4=pyhd8ed1ab_0
  - importlib-metadata=5.1.0=pyha770c72_0
  - libffi=3.4.2=h8ffe710_5
  - libsqlite=3.40.0=hcfcfb64_0
  - libzlib=1.2.13=hcfcfb64_4
  - mypy_extensions=0.4.3=py311h1ea47a8_6
  - openssl=3.0.7=hcfcfb64_1
  - outcome=1.2.0=pyhd8ed1ab_0
  - packaging=22.0=pyhd8ed1ab_0
  - pathspec=0.10.2=pyhd8ed1ab_0
  - pep517=0.13.0=pyhd8ed1ab_0
  - pip=22.3.1=pyhd8ed1ab_0
  - platformdirs=2.6.0=pyhd8ed1ab_0
  - priority=2.0.0=pyhd8ed1ab_0
  - pycparser=2.21=pyhd8ed1ab_0
  - pydantic=1.10.2=py311ha68e1ae_1
  - pygments=2.13.0=pyhd8ed1ab_0
  - python=3.11.0=hcf16a7b_0_cpython
  - python_abi=3.11=3_cp311
  - rich=12.6.0=pyhd8ed1ab_0
  - setuptools=65.5.1=pyhd8ed1ab_0
  - shellingham=1.5.0=pyhd8ed1ab_0
  - sniffio=1.3.0=pyhd8ed1ab_0
  - sortedcontainers=2.4.0=pyhd8ed1ab_0
  - starlette=0.22.0=pyhd8ed1ab_0
  - tk=8.6.12=h8ffe710_0
  - toml=0.10.2=pyhd8ed1ab_0
  - tomli=2.0.1=pyhd8ed1ab_0
  - trio=0.22.0=py311h1ea47a8_1
  - typer=0.7.0=pyhd8ed1ab_0
  - typing-extensions=4.4.0=hd8ed1ab_0
  - typing_extensions=4.4.0=pyha770c72_0
  - tzdata=2022g=h191b570_0
  - ucrt=10.0.22621.0=h57928b3_0
  - vc=14.3=h3d8a991_9
  - vs2015_runtime=14.32.31332=h1d6e394_9
  - wheel=0.38.4=pyhd8ed1ab_0
  - wsproto=1.2.0=pyhd8ed1ab_0
  - xz=5.2.6=h8d14728_0
  - zipp=3.11.0=pyhd8ed1ab_0
